<!-- * HOAP-3 humanoid robot model in OpenRAVE: Body-Head
		 *
		 * Authors: Daniel Hernández García <dhgarcia@ing.uc3m.es> (2011)
		 *					Miguel González-Fierro <mgpalaci@ing.uc3m.es> (2012)
		 *
 -->
<KinBody name="uc3m-hoap3-bodyhead">
	<modelsdir>./HOAP_iv_HD</modelsdir>
	<Body name="body" type="dynamic">		
		<Geom type="sphere"> <!-- Origin of coordinates and origin of floating base-->
			<radius>0.01</radius>
			<diffuseColor>1 0 0</diffuseColor>
		</Geom>	
		<Geom type="trimesh">		
			<translation>0 -0.035 0</translation>	
			<rotationaxis>1 0 0 90</rotationaxis>	
			<rotationaxis>0 0 -1 90</rotationaxis>			
			<data>BODY_LINK01.iv 0.001</data>
			<render>BODY_LINK01.iv 0.001</render>
		</Geom>
		<Mass type="sphere">
			<total>2.40</total>  
			<radius>0.5</radius>
		</Mass> 
		<!--<Mass type="custom">
			<total> 2.40 </total>
			<inertia>1.09918e-02 2.31087e-04 6.25410e-04
					 2.31087e-04 1.35490e-02 1.53588e-04 
					 6.25410e-04 1.53588e-04 1.16614e-02  </inertia>
			<com> -0.0686488 0.00125142 0.0845105 </com>
		</Mass> --> <!-- BODY[1] no battery -->
		<!--<Mass type="custom">
			<total> 3.26 </total>
			<inertia>1.21947e-02  2.95479e-04  6.84001e-04
					 2.95479e-04  1.75644e-02  1.45795e-04 
					 6.84001e-04  1.45795e-04  1.56708e-02  </inertia>
			<com> -4.94890e-02 8.92912e-04 8.41741e-02 </com>
		 </Mass>--> <!-- BODY[1] battery! --> 
	</Body>
	<Body name="head1" type="dynamic">
		<Geom type="trimesh">			
			<translation>0.018 -0.005 0.173</translation> 
			<rotationaxis>1 0 0 90</rotationaxis>	
			<rotationaxis>0 0 1 -90</rotationaxis>	
			<data>HEAD_LINK01.iv 0.001</data>
			<render>HEAD_LINK01.iv 0.001</render>
		</Geom>
		<Mass type="sphere">
			<total>0.071</total> 
			<radius>0.5</radius>
		</Mass>
		<!--<Mass type="custom">
			<total> 0.071 </total>
			<inertia> 6.90569e-05 1.08546e-06 -9.83691e-06
					  1.08546e-06 6.41244e-05  5.08942e-06
					 -9.83691e-06 5.08942e-06  3.33541e-05  </inertia>
			<com> 0.00539731  -0.00158067  0.0564034 </com>
		 </Mass> -->
	</Body>	
	<Body name="head2" type="dynamic">
		<offsetfrom>body</offsetfrom>
		<translation>0 -0.0075 0.228</translation>	
		<rotationaxis>0 0 1 -90</rotationaxis>		
		<Geom type="trimesh">						
			<data>HEAD_LINK02.iv  0.001</data>
			<render>HEAD_LINK02.iv  0.001</render>
		</Geom>
		<Mass type="sphere">
			<total>0.412</total>        
			<radius>0.5</radius>
		</Mass> 
		<!--<Mass type="custom">
			<total> 0.412 </total>
			<inertia>5.52356e-04 7.77318e-06  3.17868e-06
					 7.77318e-06 7.32140e-04  4.57784e-07
					 3.17868e-06 4.57784e-07  6.82132e-04  </inertia>
			<com> -0.00103952 -0.00517985  1.82267e-05 </com>
		</Mass> -->
	</Body>	
	<Body name="waist" type="dynamic">
		<offsetfrom>body</offsetfrom>		
		<translation>0 -0.035 0</translation><!-- the origin is in BODY_JOINT[1]-->	<!-- BODY_LINK2=0.035 -->
		<rotationaxis>0 0 1 90</rotationaxis>	
		<rotationaxis>1 0 0 180</rotationaxis>	
		<Geom type="trimesh">			
			<data>BODY_LINK02.iv 0.001</data>
			<render>BODY_LINK02.iv 0.001</render>
		</Geom>
		<Mass type="sphere">
			<total>0.417</total> 
			<radius>0.5</radius>
		</Mass> 
		<!--<Mass type="custom">
			<total> 0.417 </total>
			<inertia>6.60777e-04  6.74647e-06  4.93444e-06
					 6.74647e-06  6.42117e-04 -1.51777e-06
					 4.93444e-06 -1.51777e-06  1.70178e-04  </inertia>
			<com> -0.0322707  0.0111375 -0.000329172 </com>
		 </Mass> -->
	</Body>	
</KinBody>
